0.001
0.00125892541179
0.00158489319246
0.00199526231497
0.00251188643151
0.00316227766017
0.00398107170553
0.00501187233627
0.0063095734448
0.00794328234724
0.01
0.0125892541179
0.0158489319246
0.0199526231497
0.0251188643151
0.0316227766017
0.0398107170553
0.0501187233627
0.063095734448
0.0794328234724
0.1
0.112194019088
0.125874979191
0.14122419818
0.158445103862
0.177765930071
0.199442741515
0.223762827484
0.251048509379
0.281661412532
0.316007258939
0.354541244412
0.39777407143
0.446278717626
0.500698029637
0.561753242943
0.630253540613
0.707106777657
0.793331513095
0.89007050923
0.99860587702
