1.12037606827
1.25699493989
1.4102731428
1.58224211902
1.77518102502
1.99164693806
2.23450874584
2.50698516883
2.81268741884
3.15566705957
3.54046970316
3.97219525456
4.4565655021
4.99999995008
5.21232875313
5.43367426039
5.66441937306
5.90496325255
6.15572201095
6.41712943085
6.68963771578
6.97371827242
7.2698625261
7.57858277088
7.9004130558
8.23591010869
8.58565429926
8.95025064305
9.33032984805
9.72654940574
10.1395947285
10.5701803352
11.0190510874
11.4869834777
11.974786973
12.4833054151
13.0134184797
13.5660431991
14.1421355478
14.7426920965
15.368751736
16.0213974746
16.7017583112
17.4110111885
18.150383029
18.9211528574
19.7246540131
20.5622764569
21.4354691752
22.3457426868
23.2946716559
24.2838976158
25.3151318089
26.3901581468
27.5108362963
28.6791048963
29.8969849115
31.1665831284
32.4900957997
33.8698124439
35.3081198054
36.8075059836
38.370564737
39.9999999698
50.2973371588
63.2455531795
79.5270728617
100.0

